mean_N_ABS_TUBE : [0.4992,    0.4874,    0.482528,  0.4823804]
mean_N_ABS_TROUGH : [0.0108,   0.01272,  0.013648, 0.01358 ]
mean_N_ABS_GROUND : [0.196,     0.19584,   0.199268,  0.1995352]
mean_N_ABS_SKY : [0.294,     0.30404,   0.304556,  0.3045044]
mean_E_TUBE : [0.38685812, 0.37936848, 0.37231465, 0.37198463]
mean_E_TROUGH : [0.00801534, 0.00953853, 0.01052738, 0.01048592]
mean_E_GROUND : [0.22819558, 0.22574323, 0.22989307, 0.23040813]
mean_E_SKY : [0.37693096, 0.38534976, 0.3872649,  0.38712132]
mean_E_TOTAL : [3.00815742e-22, 3.02365650e-22, 3.05045707e-22, 3.05574019e-22]
std_N_ABS_TUBE : [0.05513039, 0.01575056, 0.00490848, 0.00160887]
std_N_ABS_TROUGH : [0.00844748, 0.00296,    0.00095546, 0.00036458]
std_N_ABS_GROUND : [0.03836665, 0.01141466, 0.00377038, 0.00143647]
std_N_ABS_SKY : [0.05169139, 0.01080178, 0.00409635, 0.00104766]
std_E_TUBE : [0.0517283,  0.01413483, 0.00499602, 0.00138788]
std_E_TROUGH : [0.00677486, 0.00284019, 0.00087229, 0.0003083 ]
std_E_GROUND : [0.04512744, 0.01533456, 0.00449003, 0.00167463]
std_E_SKY : [0.0603434,  0.01474982, 0.00519846, 0.00140181]
std_E_TOTAL : [1.47502489e-23, 4.94844249e-24, 1.45638259e-24, 6.22038966e-25]
